1 0.328462 150
2 0.327767 87
3 0.330405 58
4 0.328871 45
5 0.33239 44
6 0.336614 40
7 0.350362 37
8 0.300468 36
9 0.326393 38
10 0.31996 37
11 0.326258 38
12 0.325682 39
13 0.334183 40
14 0.341177 40
15 0.330534 41
16 0.327818 41
17 0.330769 41
18 0.328872 42
19 0.328775 42
20 0.325807 44
21 0.326148 44
22 0.334648 48
23 0.334216 48
24 0.333993 49
25 0.339814 49
26 0.3309 51
27 0.329062 51
28 0.33372 51
29 0.337389 53
30 0.336162 55
31 0.341338 60
32 0.341151 56
33 0.342382 57
34 0.310815 74
35 0.338106 72
36 0.321945 77
37 0.326998 80
38 0.334608 84
39 0.326351 80
40 0.331133 87
41 0.326879 79
42 0.335373 84
43 0.332031 97
44 0.327593 92
45 0.338904 100
46 0.333236 108
47 0.32615 104
48 0.339658 103
49 0.330745 107
50 0.338526 101
51 0.33764 105
52 0.333917 116
53 0.34015 120
54 0.337131 113
55 0.336737 125
56 0.334771 123
57 0.340262 117
58 0.344083 125
59 0.350126 127
60 0.340499 125
61 0.33291 131
62 0.338694 132
63 0.341344 139
64 0.338304 142
65 0.339103 152
66 0.342383 151
67 0.354731 142
68 0.337126 141
69 0.317611 146
70 0.320892 147
71 0.325875 145
72 0.321554 148
73 0.324365 151
74 0.323737 145
75 0.330315 150
76 0.331781 151
77 0.324435 154
78 0.333053 156
79 0.339279 157
80 0.341961 162
81 0.311518 163
82 0.340346 163
83 0.336163 164
84 0.351573 167
85 0.323278 170
86 0.329472 167
87 0.330793 173
88 0.336794 174
89 0.334698 177
90 0.342134 177
91 0.326459 180
92 0.333249 177
93 0.340983 179
94 0.320657 181
95 0.338834 183
96 0.339428 184
97 0.341624 187
98 0.338347 189
99 0.339654 195
100 0.324817 194
